15 1 2 0 0 9 0 0 3 12 8 5 0 4 0 0
11 0 8 0 0 12 0 3 0 0 1 7 10 5 0 9
5 0 0 16 0 11 0 0 4 10 13 0 0 15 3 7
0 0 3 0 0 1 4 16 11 0 6 0 8 0 12 14
0 3 5 0 10 8 12 14 0 7 4 0 16 0 9 0
0 0 0 14 0 0 6 2 10 0 0 0 0 1 0 3
8 6 0 11 0 3 0 0 0 0 14 0 0 10 13 4
16 10 0 0 0 13 0 15 0 8 3 0 0 2 14 0
3 0 14 0 12 6 0 4 2 16 7 10 15 9 5 1
2 11 0 0 0 0 14 0 8 0 0 0 13 7 0 6
6 7 0 10 0 15 0 0 0 1 0 0 0 0 0 0
0 15 0 5 0 7 1 10 14 0 12 0 3 11 16 0
13 0 0 15 9 4 3 0 0 0 16 0 0 14 0 10
0 16 0 0 7 10 0 1 9 0 2 0 5 0 0 12
0 2 0 0 0 0 8 6 0 3 5 13 4 0 1 0
14 0 7 0 16 2 5 11 0 4 10 12 0 0 0 0
