15 1 2 13 14 9 10 7 3 12 8 5 6 4 11 16
11 4 8 6 13 12 15 3 16 14 1 7 10 5 2 9
5 14 12 16 6 11 2 8 4 10 13 9 1 15 3 7
10 9 3 7 5 1 4 16 11 2 6 15 8 13 12 14
1 3 5 2 10 8 12 14 13 7 4 11 16 6 9 15
7 12 13 14 4 5 6 2 10 9 15 16 11 1 8 3
8 6 15 11 1 3 16 9 12 5 14 2 7 10 13 4
16 10 9 4 11 13 7 15 6 8 3 1 12 2 14 5
3 13 14 8 12 6 11 4 2 16 7 10 15 9 5 1
2 11 1 12 3 16 14 5 8 15 9 4 13 7 10 6
6 7 16 10 2 15 9 13 5 1 11 3 14 12 4 8
9 15 4 5 8 7 1 10 14 13 12 6 3 11 16 2
13 5 6 15 9 4 3 12 1 11 16 8 2 14 7 10
4 16 11 3 7 10 13 1 9 6 2 14 5 8 15 12
12 2 10 9 15 14 8 6 7 3 5 13 4 16 1 11
14 8 7 1 16 2 5 11 15 4 10 12 9 3 6 13
